Total Elves: 264
Top Elf Calories: 69795
Top Three Elf Calories: 208437
Calorie Count:
6342
9229
9615
15139
16802
18647
18893
19015
21789
22842
23332
24070
24556
27786
29191
29210
30055
30210
30409
30675
31462
31551
32066
32143
33123
33301
33321
33635
33768
34477
34694
34725
35164
35231
35735
35764
36009
36217
36367
36435
36511
37259
37275
37290
37309
37522
37661
37731
37776
37989
38279
38395
38744
39038
39066
39298
39671
39999
40144
40342
40589
40734
40878
41104
41222
41276
41766
41778
41843
41856
42195
42265
42514
42773
42829
42960
43066
43222
43400
43447
43621
43636
43676
43745
43851
43935
44022
44039
44415
44494
44548
44656
44701
45185
45232
45408
45565
45576
45585
45612
45625
45820
45929
45968
46388
46390
46451
46585
46592
46605
46612
46673
46853
46861
46988
47000
47129
47221
47323
47429
47679
47683
47770
47925
48072
48160
48165
48194
48351
48622
48669
48732
48789
48795
48919
49093
49097
49221
49234
49577
49670
49788
49929
49999
50107
50113
50179
50372
50439
50443
50512
50527
50539
50628
50937
50946
50964
50966
51017
51053
51177
51619
51713
51771
51788
51964
52003
52003
52296
52328
52341
52349
52386
52473
52518
52528
52545
52576
52604
52678
52682
52875
52908
52997
53086
53101
53117
53188
53249
53436
53493
53826
53940
53969
53982
54019
54023
54101
54226
54481
54780
54977
55200
55204
55301
55560
55805
55868
55972
55987
56031
56314
56474
56488
56560
56596
56617
56735
56741
56824
56855
56899
56938
57188
57212
57347
57662
57682
57769
57865
57881
58188
58245
58372
58400
58865
59100
59348
59362
59495
59791
59985
60039
60351
60574
60586
60681
61136
61370
61414
61929
62517
63003
63398
63563
63642
63902
64121
64545
64884
65240
69208
69434
69795
